68.8
62.8
80.4
91.6
89.2
56.9
82.5
98.0
69.5
69.7
76.6
92.0
80.4
81.4
89.6
93.2
89.8
96.6
73.4
90.4
87.9
91.8
63.9
90.4
97.2
84.6
78.0
83.6
100.6
67.9
108.5
76.3
73.3
84.3
89.1
62.5
70.6
77.2
82.4
72.0
85.8
59.6
85.7
78.4
81.5
67.9
98.4
53.6
81.4
66.2
79.5
101.0
107.3
92.1
89.8
73.5
88.1
77.7
87.2
108.0
109.6
67.5
69.3
95.0
98.6
96.2
81.7
99.7
84.4
81.7
76.3
85.8
71.2
44.4
80.0
80.3
94.6
83.3
74.9
58.6
78.2
91.2
113.2
88.4
69.3
116.1
101.2
81.0
68.6
56.2
83.4
62.4
68.9
58.3
99.0
79.1
60.7
86.1
82.1
66.6
